Loading LETTER dataset
Integer Encoding dataset
[[ 2  8  3 ...,  8  0  8]
 [ 5 12  3 ...,  8  4 10]
 [ 4 11  6 ...,  7  3  9]
 ..., 
 [ 6  9  6 ..., 12  2  4]
 [ 2  3  4 ...,  9  5  8]
 [ 4  9  6 ...,  7  2  8]]
[19  8  3 ..., 19 18  0]
Classification report
Parameters:
{'n_neighbors': 4, 'weights': 'uniform', 'algorithm': 'ball_tree'}
             precision    recall  f1-score   support

          0       0.97      1.00      0.98       216
          1       0.88      0.96      0.92       239
          2       0.95      0.98      0.97       229
          3       0.91      0.99      0.95       248
          4       0.89      0.96      0.93       221
          5       0.93      0.96      0.94       246
          6       0.95      0.90      0.93       256
          7       0.91      0.90      0.91       202
          8       0.96      0.96      0.96       218
          9       0.97      0.94      0.95       233
         10       0.91      0.90      0.91       207
         11       0.97      0.98      0.98       231
         12       0.98      0.97      0.98       251
         13       0.95      0.98      0.97       223
         14       0.92      0.96      0.94       226
         15       0.97      0.92      0.94       249
         16       0.98      0.95      0.96       215
         17       0.94      0.88      0.91       234
         18       0.99      0.95      0.97       222
         19       0.97      0.97      0.97       237
         20       0.98      0.97      0.98       241
         21       0.96      0.95      0.95       247
         22       0.98      0.98      0.98       215
         23       0.98      0.93      0.95       245
         24       0.98      0.95      0.97       238
         25       1.00      0.98      0.99       211

avg / total       0.95      0.95      0.95      6000


Confusion matrix, without normalization
[[215   0   0   0   0   0   0   0   0   0   0   0   0   0   0   0   0   1
    0   0   0   0   0   0   0   0]
 [  1 230   0   0   0   0   0   0   0   0   0   0   0   1   0   0   0   3
    0   0   0   4   0   0   0   0]
 [  0   0 224   0   0   0   2   0   0   0   0   0   0   0   2   0   1   0
    0   0   0   0   0   0   0   0]
 [  1   0   0 245   0   0   0   0   0   0   1   0   0   0   1   0   0   0
    0   0   0   0   0   0   0   0]
 [  0   0   5   0 212   0   3   0   0   0   0   1   0   0   0   0   0   0
    0   0   0   0   0   0   0   0]
 [  0   2   0   1   0 235   0   0   0   0   0   0   0   1   0   3   0   0
    0   2   0   1   1   0   0   0]
 [  0   2   2   4  10   0 231   0   0   0   0   0   0   0   4   0   0   1
    1   0   0   1   0   0   0   0]
 [  0   5   0   6   0   0   1 182   0   0   5   0   1   0   0   0   0   2
    0   0   0   0   0   0   0   0]
 [  0   0   1   0   0   1   0   0 209   6   0   1   0   0   0   0   0   0
    0   0   0   0   0   0   0   0]
 [  2   0   0   0   0   1   0   0   9 218   0   1   0   0   2   0   0   0
    0   0   0   0   0   0   0   0]
 [  0   1   0   1   0   1   0  11   0   0 187   0   0   0   0   0   0   2
    0   0   0   0   0   4   0   0]
 [  0   0   0   0   1   0   2   0   0   0   0 227   0   0   0   0   0   1
    0   0   0   0   0   0   0   0]
 [  0   0   0   0   0   0   1   0   0   0   0   0 244   0   2   0   0   0
    0   0   0   3   1   0   0   0]
 [  0   0   0   2   0   0   0   1   0   0   0   0   0 219   0   0   0   0
    0   0   0   1   0   0   0   0]
 [  0   0   2   3   0   0   0   0   0   0   0   0   0   3 216   0   2   0
    0   0   0   0   0   0   0   0]
 [  0   0   0   2   1  14   0   1   0   0   0   0   0   0   0 229   0   1
    0   0   0   0   0   0   1   0]
 [  0   0   0   1   2   0   1   0   0   0   0   0   0   0   6   1 204   0
    0   0   0   0   0   0   0   0]
 [  0  14   0   0   0   0   0   2   0   0   3   2   0   6   0   0   0 207
    0   0   0   0   0   0   0   0]
 [  0   2   0   0   7   0   0   0   0   0   0   1   0   0   0   0   0   0
  212   0   0   0   0   0   0   0]
 [  0   1   0   1   0   0   0   0   0   0   1   0   1   0   0   0   0   0
    0 231   0   0   0   0   2   0]
 [  0   0   1   1   0   0   0   2   0   0   1   0   1   0   0   0   0   1
    0   0 234   0   0   0   0   0]
 [  0   5   0   0   0   1   1   0   0   0   0   0   0   0   0   0   0   1
    0   0   1 235   2   0   1   0]
 [  1   0   0   0   0   0   0   0   0   0   0   0   1   0   1   0   0   0
    0   0   2   0 210   0   0   0]
 [  0   0   0   3   2   0   0   0   0   1   7   0   0   0   1   0   0   0
    2   0   1   0   0 228   0   0]
 [  1   0   0   0   0   0   0   0   0   0   0   0   0   0   0   4   0   0
    0   5   0   1   0   1 226   0]
 [  0   0   0   0   2   0   0   0   0   0   0   0   0   0   0   0   2   0
    0   0   0   0   0   0   0 207]]
