Loading LETTER dataset
Integer Encoding dataset
[[ 2  8  3 ...,  8  0  8]
 [ 5 12  3 ...,  8  4 10]
 [ 4 11  6 ...,  7  3  9]
 ..., 
 [ 6  9  6 ..., 12  2  4]
 [ 2  3  4 ...,  9  5  8]
 [ 4  9  6 ...,  7  2  8]]
[19  8  3 ..., 19 18  0]
Classification report
Parameters:
{'hidden_layer_sizes': 90, 'activation': 'relu', 'solver': 'adam', 'learning_rate': 'constant', 'learning_rate_init': 0.01, 'max_iter': 200}
             precision    recall  f1-score   support

          0       1.00      0.97      0.98       216
          1       0.89      0.96      0.93       239
          2       0.95      0.97      0.96       229
          3       0.88      0.97      0.92       248
          4       0.92      0.89      0.91       221
          5       0.93      0.96      0.94       246
          6       0.97      0.86      0.91       256
          7       0.89      0.91      0.90       202
          8       0.95      0.95      0.95       218
          9       0.96      0.91      0.93       233
         10       0.95      0.87      0.91       207
         11       0.97      0.97      0.97       231
         12       0.98      0.98      0.98       251
         13       0.97      0.96      0.97       223
         14       0.92      0.90      0.91       226
         15       0.96      0.92      0.94       249
         16       0.93      0.96      0.94       215
         17       0.91      0.95      0.93       234
         18       0.95      0.99      0.97       222
         19       0.95      0.97      0.96       237
         20       0.97      0.95      0.96       241
         21       0.93      0.95      0.94       247
         22       0.99      0.96      0.98       215
         23       0.94      0.96      0.95       245
         24       0.96      0.95      0.96       238
         25       0.96      0.99      0.97       211

avg / total       0.95      0.95      0.95      6000


Confusion matrix, without normalization
[[210   0   0   0   0   0   0   0   0   1   1   0   1   1   2   0   0   0
    0   0   0   0   0   0   0   0]
 [  1 225   0   1   0   0   0   1   0   1   0   0   0   0   0   0   0   1
    3   0   0   4   0   0   2   0]
 [  0   0 218   0   0   0   4   1   0   0   2   0   0   0   2   0   0   0
    0   0   2   0   0   0   0   0]
 [  1   1   0 227   0   2   2   5   0   1   0   1   0   0   3   2   0   0
    0   1   1   0   0   1   0   0]
 [  0   3   2   0 188   1   6   0   0   0   0   8   0   0   0   0   3   0
    0   1   0   0   0   1   0   8]
 [  0   1   0   0   0 235   0   1   2   0   0   0   0   1   1   0   0   0
    0   3   0   1   0   0   1   0]
 [  0   0   2   3   0   1 245   0   0   0   2   0   0   0   1   0   0   0
    0   0   0   2   0   0   0   0]
 [  0   1   0   2   0   0   4 183   0   0   4   0   0   1   3   0   1   0
    0   0   0   0   0   1   0   2]
 [  0   0   0   0   0   1   0   0 205  10   0   1   0   0   0   0   0   0
    0   0   0   0   0   0   0   1]
 [  0   0   0   0   0   0   0   1   5 223   0   1   0   0   1   0   0   0
    0   0   1   0   0   0   0   1]
 [  0   1   0   0   0   0   0   5   0   0 193   0   1   0   0   0   0   5
    0   0   0   0   0   2   0   0]
 [  0   0   1   0   0   0   2   1   0   0   0 226   0   0   0   0   0   0
    0   0   0   1   0   0   0   0]
 [  0   0   0   0   0   0   0   0   0   0   1   0 246   1   0   0   0   0
    0   0   0   1   2   0   0   0]
 [  0   0   0   0   0   0   0   0   0   0   0   0   2 213   7   0   0   0
    0   0   0   1   0   0   0   0]
 [  0   0   1   0   0   0   0   0   0   0   0   0   0   0 220   1   1   1
    0   0   1   0   1   0   0   0]
 [  0   0   1   0   1   9   3   0   0   0   0   0   0   0   5 226   1   0
    0   1   0   0   0   0   2   0]
 [  1   0   0   1   0   0   5   1   0   0   0   0   0   0   3   1 202   0
    0   0   0   0   0   0   0   1]
 [  0   3   0   1   0   0   1   5   0   1   3   0   0   4   1   1   0 211
    0   1   0   2   0   0   0   0]
 [  0   0   0   0   0   0   2   0   0   0   0   1   0   0   1   0   0   0
  211   4   0   0   0   1   0   2]
 [  0   0   0   1   1   2   3   2   0   0   1   0   0   0   0   0   0   0
    0 226   0   0   0   0   1   0]
 [  0   0   3   0   0   1   0   1   0   0   2   0   2   0   0   0   0   0
    0   0 231   1   0   0   0   0]
 [  0   3   0   1   0   0   0   0   0   1   0   0   1   1   1   0   1   0
    0   2   0 232   1   0   3   0]
 [  0   1   0   0   0   0   0   0   0   0   0   0   2   1   2   0   0   0
    0   0   0   0 209   0   0   0]
 [  0   0   0   1   1   1   3   0   0   3   3   1   0   0   0   0   1   1
    0   0   0   0   0 230   0   0]
 [  0   0   0   0   0   0   0   0   0   1   0   0   0   0   0   3   1   0
    0   2   1   0   0   1 229   0]
 [  1   0   0   0   1   0   0   0   0   1   0   0   0   0   0   0   0   0
    1   0   0   0   0   0   0 207]]
