Loading LETTER dataset
Integer Encoding dataset
[[ 2  8  3 ...,  8  0  8]
 [ 5 12  3 ...,  8  4 10]
 [ 4 11  6 ...,  7  3  9]
 ..., 
 [ 6  9  6 ..., 12  2  4]
 [ 2  3  4 ...,  9  5  8]
 [ 4  9  6 ...,  7  2  8]]
[19  8  3 ..., 19 18  0]
Classification report
Parameters:
{'criterion': 'entropy', 'splitter': 'best', 'max_features': 'auto', 'max_depth': 50, 'min_samples_split': 4, 'min_samples_leaf': 1}
             precision    recall  f1-score   support

          0       0.88      0.93      0.90       216
          1       0.72      0.76      0.74       239
          2       0.82      0.91      0.86       229
          3       0.75      0.81      0.78       248
          4       0.76      0.75      0.76       221
          5       0.79      0.80      0.79       246
          6       0.82      0.76      0.79       256
          7       0.67      0.70      0.69       202
          8       0.87      0.88      0.87       218
          9       0.88      0.88      0.88       233
         10       0.77      0.84      0.80       207
         11       0.88      0.88      0.88       231
         12       0.90      0.89      0.90       251
         13       0.88      0.92      0.90       223
         14       0.79      0.80      0.79       226
         15       0.89      0.87      0.88       249
         16       0.79      0.78      0.79       215
         17       0.77      0.74      0.75       234
         18       0.78      0.76      0.77       222
         19       0.89      0.86      0.88       237
         20       0.87      0.86      0.87       241
         21       0.89      0.91      0.90       247
         22       0.94      0.93      0.94       215
         23       0.91      0.78      0.84       245
         24       0.93      0.85      0.89       238
         25       0.88      0.87      0.87       211

avg / total       0.84      0.84      0.84      6000


Confusion matrix, without normalization
[[199   1   0   1   0   0   0   2   1   0   3   0   0   1   0   1   0   2
    1   0   3   0   0   0   1   0]
 [  0 190   2   7   1   0   1   4   3   1   1   0   4   0   0   0   4   5
    4   2   1   4   1   3   1   0]
 [  0   0 208   0   2   1   7   0   0   0   2   3   0   0   2   0   0   0
    0   1   0   1   0   1   1   0]
 [  2   3   0 208   0   1   1   7   0   0   1   0   0   2  10   3   1   2
    1   1   0   3   0   2   0   0]
 [  0   0   5   3 180   1   1   0   0   0   2   3   1   0   0   0   7   0
    9   1   1   0   0   2   0   5]
 [  0   0   1   4   1 191   0   1   4   0   1   1   1   4   1  12   1   1
    2   9   2   1   1   0   4   3]
 [  2   7   9   5   4   1 199   2   0   1   0   2   1   1   3   0   5   1
    3   0   0   0   6   0   3   1]
 [  1   2   2   7   0   1   1 160   0   1   8   0   1   3   2   0   1   6
    0   0   0   2   0   1   3   0]
 [  0   1   0   2   1   1   1   0 195   3   1   1   0   0   0   4   3   0
    4   0   0   0   0   0   1   0]
 [  1   2   0   4   1   4   0   1  10 198   1   1   0   0   1   1   0   0
    0   3   0   0   0   1   0   4]
 [  0   3   3   2   3   0   1   6   1   2 165   4   1   0   0   0   1   5
    1   1   3   0   1   3   0   1]
 [  4   1   1   0   2   0   1   2   2   0   0 207   1   0   0   1   1   2
    1   1   1   0   0   3   0   0]
 [  0   1   0   0   0   2   1   2   0   1   1   0 233   5   1   0   0   2
    0   0   1   0   1   0   0   0]
 [  1   2   2   4   0   0   1   3   0   1   1   0   0 194   2   0   2   1
    1   0   2   3   2   0   1   0]
 [  1   1   0   4   1   1   1   3   0   1   0   1   2   0 185   1   7   1
    4   1   3   6   1   0   0   1]
 [  0   0   0   0   0  13   2   3   0   0   0   0   0   0   2 218   0   2
    4   2   1   1   0   0   1   0]
 [  0   4   2   4   5   0   9   1   2   0   1   2   3   0  12   2 160   1
    2   1   1   0   1   1   1   0]
 [  1   9   2   3   0   0   3   3   1   3   8   2   2   2   3   2   2 179
    4   0   0   1   0   3   0   1]
 [  1   7   0   1   2   2   0   2   2   0   3   4   0   0   1   1   3   0
  182   5   0   0   0   1   0   5]
 [  1   0   2   1   2   4   0   2   2   2   1   1   0   1   0   1   3   0
    1 209   0   0   0   1   3   0]
 [  1   2   3   0   0   0   0   2   0   0   0   2   4   1   4   0   0   0
    0   1 214   2   3   0   2   0]
 [  4   3   0   0   0   0   0   0   0   0   0   0   3   1   2   0   1   2
    0   0   8 214   3   4   2   0]
 [  2   0   1   0   0   2   3   1   0   0   2   0   4   1   3   0   0   0
    0   0   2   1 193   0   0   0]
 [  1   2   0   4   6   4   0   3   0   4   4   1   0   0   1   0   0   3
    0   0   0   0   0 211   0   1]
 [  1   0   1   1   1   3   2   3   0   0   0   0   1   0   1   0   1   1
    3   9   6   1   0   0 203   0]
 [  0   1   0   0   5   2   0   0   0   1   0   0   1   0   1   0   3   1
    3   0   0   0   0   2   2 189]]
