Loading LETTER dataset
Integer Encoding dataset
[[ 2  8  3 ...,  8  0  8]
 [ 5 12  3 ...,  8  4 10]
 [ 4 11  6 ...,  7  3  9]
 ..., 
 [ 6  9  6 ..., 12  2  4]
 [ 2  3  4 ...,  9  5  8]
 [ 4  9  6 ...,  7  2  8]]
[19  8  3 ..., 19 18  0]
Classification report
Parameters:
{'C': 1, 'kernel': 'poly', 'degree': 2, 'gamma': 1}
             precision    recall  f1-score   support

          0       0.99      0.97      0.98       216
          1       0.87      0.93      0.90       239
          2       0.96      0.94      0.95       229
          3       0.89      0.96      0.93       248
          4       0.89      0.93      0.91       221
          5       0.93      0.93      0.93       246
          6       0.90      0.89      0.90       256
          7       0.86      0.88      0.87       202
          8       0.97      0.93      0.95       218
          9       0.96      0.93      0.94       233
         10       0.94      0.93      0.94       207
         11       0.96      0.95      0.96       231
         12       0.98      0.96      0.97       251
         13       0.94      0.98      0.96       223
         14       0.93      0.94      0.94       226
         15       0.97      0.92      0.94       249
         16       0.95      0.96      0.96       215
         17       0.85      0.93      0.89       234
         18       0.96      0.95      0.95       222
         19       0.97      0.95      0.96       237
         20       0.98      0.96      0.97       241
         21       0.96      0.94      0.95       247
         22       0.98      0.98      0.98       215
         23       0.97      0.95      0.96       245
         24       0.97      0.95      0.96       238
         25       0.97      0.98      0.97       211

avg / total       0.94      0.94      0.94      6000


Confusion matrix, without normalization
[[210   0   0   2   0   0   4   0   0   0   0   0   0   0   0   0   0   0
    0   0   0   0   0   0   0   0]
 [  0 223   0   2   1   0   1   0   0   0   0   0   0   0   0   0   0   7
    5   0   0   0   0   0   0   0]
 [  0   0 215   0   4   0   6   0   0   0   1   0   0   0   3   0   0   0
    0   0   0   0   0   0   0   0]
 [  0   2   0 238   0   0   1   4   0   0   0   0   0   2   0   0   0   1
    0   0   0   0   0   0   0   0]
 [  0   2   0   0 205   0   2   0   0   0   1   5   0   0   0   0   2   1
    0   0   0   0   0   0   0   3]
 [  1   2   0   2   1 228   2   0   0   0   0   0   0   1   0   4   0   0
    0   4   0   0   0   0   1   0]
 [  0   2   3   6   3   0 227   1   0   0   4   0   0   0   4   1   2   2
    0   0   0   1   0   0   0   0]
 [  0   1   2   4   0   0   1 177   0   1   3   0   0   1   0   0   1   9
    0   0   0   1   0   0   1   0]
 [  0   0   1   1   0   1   0   0 202   7   0   2   0   0   0   0   0   0
    1   0   0   0   0   1   0   2]
 [  1   0   0   2   0   3   0   1   4 216   0   0   0   1   2   0   0   0
    1   0   0   0   0   1   0   1]
 [  0   0   0   0   1   0   0   3   0   0 193   0   0   0   0   0   0   9
    0   0   0   0   0   1   0   0]
 [  0   0   2   0   1   0   2   5   0   0   0 220   0   0   0   0   0   1
    0   0   0   0   0   0   0   0]
 [  1   2   0   0   0   0   0   4   0   0   0   0 240   1   1   0   0   1
    0   0   0   0   1   0   0   0]
 [  0   0   0   2   0   0   0   1   0   0   0   0   0 218   1   0   0   0
    0   0   0   1   0   0   0   0]
 [  0   0   0   3   0   0   1   0   0   0   0   0   0   0 212   0   4   2
    0   0   2   0   2   0   0   0]
 [  0   1   0   0   3  10   1   1   0   0   1   0   0   0   1 230   1   0
    0   0   0   0   0   0   0   0]
 [  0   1   0   0   4   0   0   0   0   0   0   0   0   0   2   0 207   0
    0   0   0   0   0   0   1   0]
 [  0   7   0   1   0   0   1   1   0   0   0   1   0   5   0   0   0 218
    0   0   0   0   0   0   0   0]
 [  0   4   0   0   3   0   1   0   1   0   0   0   0   0   0   0   0   0
  210   1   0   0   0   1   0   1]
 [  0   1   0   0   0   1   1   3   0   0   1   0   0   0   0   1   0   1
    0 226   0   0   0   2   0   0]
 [  0   0   0   0   0   0   0   1   0   0   0   0   2   1   0   0   0   0
    0   0 232   3   2   0   0   0]
 [  0   5   0   0   1   0   0   1   0   0   0   0   0   1   0   1   0   2
    0   0   1 232   0   0   3   0]
 [  0   1   0   0   0   0   0   0   0   0   0   0   3   0   0   0   0   0
    0   0   0   1 210   0   0   0]
 [  0   1   0   3   1   2   0   1   1   0   1   0   0   0   1   0   0   1
    0   0   0   0   0 232   1   0]
 [  0   0   0   0   0   1   0   1   0   0   0   0   0   0   0   1   1   0
    1   1   2   3   0   1 226   0]
 [  0   0   0   0   2   0   0   0   0   1   0   0   0   0   0   0   0   0
    1   0   0   0   0   0   0 207]]
