Loading LETTER dataset
Integer Encoding dataset
[[ 2  8  3 ...,  8  0  8]
 [ 5 12  3 ...,  8  4 10]
 [ 4 11  6 ...,  7  3  9]
 ..., 
 [ 6  9  6 ..., 12  2  4]
 [ 2  3  4 ...,  9  5  8]
 [ 4  9  6 ...,  7  2  8]]
[19  8  3 ..., 19 18  0]
Classification report
Parameters:
{'n_estimators': 40, 'base_estimator__criterion': 'entropy', 'base_estimator__splitter': 'best', 'base_estimator__max_features': 'sqrt', 'base_estimator__max_depth': 6, 'base_estimator__min_samples_split': 2, 'base_estimator__min_samples_leaf': 1}
             precision    recall  f1-score   support

          0       0.98      0.93      0.95       216
          1       0.74      0.87      0.80       239
          2       0.88      0.84      0.86       229
          3       0.79      0.79      0.79       248
          4       0.73      0.81      0.77       221
          5       0.74      0.83      0.78       246
          6       0.79      0.79      0.79       256
          7       0.69      0.78      0.73       202
          8       0.96      0.88      0.92       218
          9       0.95      0.90      0.92       233
         10       0.84      0.78      0.81       207
         11       0.95      0.90      0.92       231
         12       0.96      0.88      0.91       251
         13       0.89      0.91      0.90       223
         14       0.77      0.88      0.82       226
         15       0.92      0.88      0.90       249
         16       0.88      0.91      0.89       215
         17       0.86      0.88      0.87       234
         18       0.77      0.85      0.81       222
         19       0.71      0.77      0.74       237
         20       0.92      0.95      0.94       241
         21       0.64      0.88      0.74       247
         22       0.96      0.71      0.82       215
         23       0.90      0.85      0.88       245
         24       0.80      0.37      0.51       238
         25       0.81      0.76      0.79       211

avg / total       0.84      0.83      0.83      6000


Confusion matrix, without normalization
[[202   0   0   2   0   0   6   0   0   1   0   0   0   0   3   0   0   1
    1   0   0   0   0   0   0   0]
 [  0 205   0   1   2   0   1   6   0   0   3   0   1   0   2   1   0   9
    2   0   0   5   0   0   1   0]
 [  0   0 197   0   5   0  20   2   0   0   0   1   0   0   3   0   0   0
    0   0   1   0   0   0   0   0]
 [  0   7   0 200   0   0   2  15   1   0   2   0   0   0  19   0   0   2
    0   0   0   0   0   0   0   0]
 [  0   1   1   0 191   0   6   1   0   0   0   8   0   0   0   0   2   0
    1   0   1   1   0   8   0   0]
 [  0   3   1   1   2 191   0   2   4   0   0   0   0   8   0  17   1   0
    0   9   0   0   0   0   7   0]
 [  1   2   5   2   5   0 217   0   0   0   2   1   0   0   6   0   9   1
    4   0   0   0   1   0   0   0]
 [  0   2   1   4   0   0   1 157   0   0   5   0   0   0  24   0   0   6
    0   0   1   0   0   1   0   0]
 [  0   0   0   0   0   3   0   0 186   6   1   2   0   0   0   0   0   0
    8   0   0   0   0  12   0   0]
 [  0   0   0   3   0   2   0   0  15 201   0   1   0   1   4   0   0   1
    4   0   0   0   0   0   0   1]
 [  0   3   0   3  18   0   4  14   0   0 143   0   0   0   1   0   0  11
    1   0   2   0   0   7   0   0]
 [  0   2   0   2   1   0   6   3   0   1   7 194   0   0   0   0   2   3
    7   1   0   0   0   2   0   0]
 [  1   3   0   1   0   0   1   6   0   0   2   0 207   9  12   0   0   0
    0   0   5   1   3   0   0   0]
 [  0   0   1   2   0   1   0   3   0   0   0   0   1 207   7   0   0   0
    0   0   0   1   0   0   0   0]
 [  0   0   0   5   1   0   2   3   0   0   0   0   1   0 203   0   4   1
    1   0   4   0   1   0   0   0]
 [  0   3   0   2   0  20   1   1   4   0   0   0   0   0   2 214   0   0
    0   1   0   0   0   0   1   0]
 [  0   4   0   0   5   0   4   0   0   0   0   0   0   0   5   0 191   0
    4   0   0   0   0   0   2   0]
 [  0  17   0   6   2   0   0   9   0   0   0   0   0   4   0   0   0 195
    0   0   0   0   0   1   0   0]
 [  0  10   1   1   3   0   1   0   0   0   0   0   0   0   0   0   1   0
  190   2   0   0   0   2   0  11]
 [  0   1   2   0   0  34   4   1   1   0   0   0   0   0   0   1   0   1
    2 183   1   1   0   3   2   0]
 [  0   1   2   0   0   0   0   4   0   0   1   0   1   0   1   0   0   0
    0   2 228   1   0   0   0   0]
 [  0   9   0   0   0   2   0   0   0   0   0   0   0   0   2   1   0   1
    0   0   1 210   2   0  19   0]
 [  0   1   0   0   0   0   0   0   0   0   0   0   4  11   4   0   0   0
    0   0   1  13 181   0   0   0]
 [  0   5   0   0   5   1   0   1   0   0  12   3   0   0   0   0   0   2
    1   2   1   0   0 212   0   0]
 [  0   0   0   0   0   1   0   2   0   0   0   0   0   0   1   1   2   0
    5  60   0  46   0   1 118   1]
 [  0   0   0   2  32   0   0   1   0   1   0   0   0   0   0   0   2   0
   10   0   0   0   0  15   0 148]]
